2.66636e-05 2.90443e-05 3.16356e-05  3.4454e-05 3.75168e-05 4.08419e-05 4.44477e-05 4.83532e-05 5.25775e-05 5.71395e-05 6.20579e-05 6.73506e-05 7.30342e-05 7.91237e-05  8.5632e-05 9.25689e-05 9.99405e-05 0.000107749  0.00011599 0.000124656 0.000133729 0.000143185 0.000152993  0.00016311 0.000173485 0.000184057 0.000194754 0.000205495  0.00021619 0.000226738 0.000237033 0.000246964 0.000256415 0.000265268 0.000273408 0.000280725 0.000287113  0.00029248 0.000296743 0.000299838 0.000301714 0.000302343 0.000301714 0.000299838 0.000296743  0.00029248 0.000287113 0.000280725 0.000273408 0.000265268 0.000256415 0.000246964 0.000237033 0.000226738  0.00021619 0.000205495 0.000194754 0.000184057 0.000173485  0.00016311 0.000152993 0.000143185 0.000133729 0.000124656  0.00011599 0.000107749 9.99405e-05 9.25689e-05  8.5632e-05 7.91237e-05 7.30342e-05 6.73506e-05 6.20579e-05 5.71395e-05 5.25775e-05 4.83532e-05 4.44477e-05 4.08419e-05 3.75168e-05  3.4454e-05 3.16356e-05 2.90443e-05 2.66636e-05
2.90443e-05  3.1705e-05 3.46091e-05 3.77767e-05 4.12289e-05  4.4988e-05 4.90769e-05 5.35194e-05 5.83397e-05 6.35623e-05 6.92114e-05 7.53106e-05 8.18827e-05 8.89483e-05  9.6526e-05 0.000104631 0.000113275 0.000122463 0.000132195 0.000142465 0.000153256 0.000164542 0.000176289 0.000188449 0.000200961 0.000213752 0.000226738 0.000239818  0.00025288 0.000265801 0.000278447 0.000290677 0.000302343 0.000313296 0.000323388 0.000332474  0.00034042 0.000347104 0.000352419  0.00035628 0.000358623 0.000359408 0.000358623  0.00035628 0.000352419 0.000347104  0.00034042 0.000332474 0.000323388 0.000313296 0.000302343 0.000290677 0.000278447 0.000265801  0.00025288 0.000239818 0.000226738 0.000213752 0.000200961 0.000188449 0.000176289 0.000164542 0.000153256 0.000142465 0.000132195 0.000122463 0.000113275 0.000104631  9.6526e-05 8.89483e-05 8.18827e-05 7.53106e-05 6.92114e-05 6.35623e-05 5.83397e-05 5.35194e-05 4.90769e-05  4.4988e-05 4.12289e-05 3.77767e-05 3.46091e-05  3.1705e-05 2.90443e-05
3.16356e-05 3.46091e-05 3.78638e-05 4.14242e-05 4.53162e-05 4.95671e-05 5.42055e-05 5.92612e-05 6.47649e-05 7.07479e-05 7.72414e-05 8.42768e-05 9.18843e-05 0.000100092 0.000108927 0.000118412 0.000128564 0.000139396 0.000150912  0.00016311 0.000175975 0.000189481  0.00020359 0.000218248 0.000233385 0.000248916 0.000264736 0.000280725 0.000296743 0.000312638  0.00032824  0.00034337  0.00035784 0.000371458 0.000384031 0.000395374 0.000405311  0.00041368 0.000420344 0.000425189  0.00042813 0.000429116  0.00042813 0.000425189 0.000420344  0.00041368 0.000405311 0.000395374 0.000384031 0.000371458  0.00035784  0.00034337  0.00032824 0.000312638 0.000296743 0.000280725 0.000264736 0.000248916 0.000233385 0.000218248  0.00020359 0.000189481 0.000175975  0.00016311 0.000150912 0.000139396 0.000128564 0.000118412 0.000108927 0.000100092 9.18843e-05 8.42768e-05 7.72414e-05 7.07479e-05 6.47649e-05 5.92612e-05 5.42055e-05 4.95671e-05 4.53162e-05 4.14242e-05 3.78638e-05 3.46091e-05 3.16356e-05
 3.4454e-05 3.77767e-05 4.14242e-05 4.54263e-05 4.98145e-05 5.46226e-05  5.9886e-05 6.56419e-05 7.19291e-05 7.87873e-05 8.62573e-05 9.43797e-05 0.000103195 0.000112741 0.000123056 0.000134171 0.000146115 0.000158908 0.000172563 0.000187083 0.000202458 0.000218663 0.000235657 0.000253381 0.000271755 0.000290677 0.000310022 0.000329643 0.000349369 0.000369007 0.000388344 0.000407152 0.000425189 0.000442207 0.000457956 0.000472193 0.000484688 0.000495228  0.00050363 0.000509745 0.000513459 0.000514705 0.000513459 0.000509745  0.00050363 0.000495228 0.000484688 0.000472193 0.000457956 0.000442207 0.000425189 0.000407152 0.000388344 0.000369007 0.000349369 0.000329643 0.000310022 0.000290677 0.000271755 0.000253381 0.000235657 0.000218663 0.000202458 0.000187083 0.000172563 0.000158908 0.000146115 0.000134171 0.000123056 0.000112741 0.000103195 9.43797e-05 8.62573e-05 7.87873e-05 7.19291e-05 6.56419e-05  5.9886e-05 5.46226e-05 4.98145e-05 4.54263e-05 4.14242e-05 3.77767e-05  3.4454e-05
3.75168e-05 4.12289e-05 4.53162e-05 4.98145e-05 5.47625e-05 6.02015e-05 6.61754e-05 7.27306e-05 7.99159e-05  8.7782e-05  9.6381e-05 0.000105766  0.00011599 0.000127106 0.000139163 0.000152208 0.000166283  0.00018142 0.000197644 0.000214967 0.000233385  0.00025288 0.000273408 0.000294906 0.000317283  0.00034042 0.000364167 0.000388344 0.000412739 0.000437112 0.000461192 0.000484688 0.000507288 0.000528669 0.000548507 0.000566479 0.000582282 0.000595636 0.000606295 0.000614059 0.000618779 0.000620363 0.000618779 0.000614059 0.000606295 0.000595636 0.000582282 0.000566479 0.000548507 0.000528669 0.000507288 0.000484688 0.000461192 0.000437112 0.000412739 0.000388344 0.000364167  0.00034042 0.000317283 0.000294906 0.000273408  0.00025288 0.000233385 0.000214967 0.000197644  0.00018142 0.000166283 0.000152208 0.000139163 0.000127106  0.00011599 0.000105766  9.6381e-05  8.7782e-05 7.99159e-05 7.27306e-05 6.61754e-05 6.02015e-05 5.47625e-05 4.98145e-05 4.53162e-05 4.12289e-05 3.75168e-05
4.08419e-05  4.4988e-05 4.95671e-05 5.46226e-05 6.02015e-05 6.63545e-05 7.31357e-05 8.06031e-05 8.88177e-05  9.7844e-05 0.000107749 0.000118601  0.00013047 0.000143426 0.000157538  0.00017287 0.000189481 0.000207424 0.000226738  0.00024745  0.00026957 0.000293084 0.000317954 0.000344113 0.000371458 0.000399852 0.000429116 0.000459032 0.000489336 0.000519727 0.000549863 0.000579367 0.000607838 0.000634853 0.000659985  0.00068281 0.000702921 0.000719945 0.000733554 0.000743478 0.000749515 0.000751542 0.000749515 0.000743478 0.000733554 0.000719945 0.000702921  0.00068281 0.000659985 0.000634853 0.000607838 0.000579367 0.000549863 0.000519727 0.000489336 0.000459032 0.000429116 0.000399852 0.000371458 0.000344113 0.000317954 0.000293084  0.00026957  0.00024745 0.000226738 0.000207424 0.000189481  0.00017287 0.000157538 0.000143426  0.00013047 0.000118601 0.000107749  9.7844e-05 8.88177e-05 8.06031e-05 7.31357e-05 6.63545e-05 6.02015e-05 5.46226e-05 4.95671e-05  4.4988e-05 4.08419e-05
4.44477e-05 4.90769e-05 5.42055e-05  5.9886e-05 6.61754e-05 7.31357e-05 8.08338e-05 8.93415e-05 9.87355e-05 0.000109097 0.000120512 0.000133069 0.000146859 0.000161976 0.000178511 0.000196554  0.00021619 0.000237495 0.000260533 0.000285353 0.000311981  0.00034042 0.000370638 0.000402569 0.000436102 0.000471078 0.000507288 0.000544464 0.000582282 0.000620363 0.000658271 0.000695521  0.00073159 0.000765926  0.00079796 0.000827129  0.00085289 0.000874738 0.000892231 0.000905002 0.000912777 0.000915388 0.000912777 0.000905002 0.000892231 0.000874738  0.00085289 0.000827129  0.00079796 0.000765926  0.00073159 0.000695521 0.000658271 0.000620363 0.000582282 0.000544464 0.000507288 0.000471078 0.000436102 0.000402569 0.000370638  0.00034042 0.000311981 0.000285353 0.000260533 0.000237495  0.00021619 0.000196554 0.000178511 0.000161976 0.000146859 0.000133069 0.000120512 0.000109097 9.87355e-05 8.93415e-05 8.08338e-05 7.31357e-05 6.61754e-05  5.9886e-05 5.42055e-05 4.90769e-05 4.44477e-05
4.83532e-05 5.35194e-05 5.92612e-05 6.56419e-05 7.27306e-05 8.06031e-05 8.93415e-05  9.9035e-05 0.000109779 0.000121678 0.000134838 0.000149376  0.00016541 0.000183062 0.000202458 0.000223719 0.000246964 0.000272305 0.000299838 0.000329643 0.000361778 0.000396265  0.00043309 0.000472193 0.000513459 0.000556709 0.000601697 0.000648101 0.000695521 0.000743478 0.000791417 0.000838713 0.000884679 0.000928588 0.000969683  0.00100721  0.00104043  0.00106867  0.00109131  0.00110787  0.00111795  0.00112134  0.00111795  0.00110787  0.00109131  0.00106867  0.00104043  0.00100721 0.000969683 0.000928588 0.000884679 0.000838713 0.000791417 0.000743478 0.000695521 0.000648101 0.000601697 0.000556709 0.000513459 0.000472193  0.00043309 0.000396265 0.000361778 0.000329643 0.000299838 0.000272305 0.000246964 0.000223719 0.000202458 0.000183062  0.00016541 0.000149376 0.000134838 0.000121678 0.000109779  9.9035e-05 8.93415e-05 8.06031e-05 7.27306e-05 6.56419e-05 5.92612e-05 5.35194e-05 4.83532e-05
5.25775e-05 5.83397e-05 6.47649e-05 7.19291e-05 7.99159e-05 8.88177e-05 9.87355e-05 0.000109779 0.000122069 0.000135734 0.000150912 0.000167751 0.000186405 0.000207036 0.000229809 0.000254892 0.000282449 0.000312638 0.000345604 0.000381473 0.000420344 0.000462277 0.000507288 0.000555331 0.000606295 0.000659985 0.000716117 0.000774304 0.000834054 0.000894766 0.000955729  0.00101613  0.00107507  0.00113159  0.00118466  0.00123328  0.00127643   0.0013132  0.00134273  0.00136436  0.00137755  0.00138198  0.00137755  0.00136436  0.00134273   0.0013132  0.00127643  0.00123328  0.00118466  0.00113159  0.00107507  0.00101613 0.000955729 0.000894766 0.000834054 0.000774304 0.000716117 0.000659985 0.000606295 0.000555331 0.000507288 0.000462277 0.000420344 0.000381473 0.000345604 0.000312638 0.000282449 0.000254892 0.000229809 0.000207036 0.000186405 0.000167751 0.000150912 0.000135734 0.000122069 0.000109779 9.87355e-05 8.88177e-05 7.99159e-05 7.19291e-05 6.47649e-05 5.83397e-05 5.25775e-05
5.71395e-05 6.35623e-05 7.07479e-05 7.87873e-05  8.7782e-05  9.7844e-05 0.000109097 0.000121678 0.000135734 0.000151429 0.000168938 0.000188449 0.000210162 0.000234291 0.000261054 0.000290677 0.000323388 0.000359408 0.000398951 0.000442207 0.000489336 0.000540459 0.000595636 0.000654858 0.000718028 0.000784943 0.000855282 0.000928588  0.00100426  0.00108153  0.00115951  0.00123712   0.0013132  0.00138643  0.00145547  0.00151891  0.00157539  0.00162363  0.00166247  0.00169095  0.00170833  0.00171418  0.00170833  0.00169095  0.00166247  0.00162363  0.00157539  0.00151891  0.00145547  0.00138643   0.0013132  0.00123712  0.00115951  0.00108153  0.00100426 0.000928588 0.000855282 0.000784943 0.000718028 0.000654858 0.000595636 0.000540459 0.000489336 0.000442207 0.000398951 0.000359408 0.000323388 0.000290677 0.000261054 0.000234291 0.000210162 0.000188449 0.000168938 0.000151429 0.000135734 0.000121678 0.000109097  9.7844e-05  8.7782e-05 7.87873e-05 7.07479e-05 6.35623e-05 5.71395e-05
6.20579e-05 6.92114e-05 7.72414e-05 8.62573e-05  9.6381e-05 0.000107749 0.000120512 0.000134838 0.000150912 0.000168938 0.000189136 0.000211748 0.000237033 0.000265268 0.000296743 0.000331763 0.000370638  0.00041368 0.000461192 0.000513459 0.000570734 0.000633222 0.000701062 0.000774304  0.00085289 0.000936625  0.00102516  0.00111795  0.00121428   0.0013132  0.00141353   0.0015139  0.00161275  0.00170833   0.0017988  0.00188224  0.00195677   0.0020206   0.0020721  0.00210992  0.00213304  0.00214082  0.00213304  0.00210992   0.0020721   0.0020206  0.00195677  0.00188224   0.0017988  0.00170833  0.00161275   0.0015139  0.00141353   0.0013132  0.00121428  0.00111795  0.00102516 0.000936625  0.00085289 0.000774304 0.000701062 0.000633222 0.000570734 0.000513459 0.000461192  0.00041368 0.000370638 0.000331763 0.000296743 0.000265268 0.000237033 0.000211748 0.000189136 0.000168938 0.000150912 0.000134838 0.000120512 0.000107749  9.6381e-05 8.62573e-05 7.72414e-05 6.92114e-05 6.20579e-05
6.73506e-05 7.53106e-05 8.42768e-05 9.43797e-05 0.000105766 0.000118601 0.000133069 0.000149376 0.000167751 0.000188449 0.000211748 0.000237957 0.000267408 0.000300461 0.000337503 0.000378937 0.000425189 0.000476688 0.000533868 0.000597144 0.000666902 0.000743478 0.000827129 0.000918009  0.00101613  0.00112134  0.00123328  0.00135133  0.00147462  0.00160196  0.00173187  0.00186255  0.00199191  0.00211759  0.00223708  0.00234773  0.00244692   0.0025321  0.00260101  0.00265172  0.00268275   0.0026932  0.00268275  0.00265172  0.00260101   0.0025321  0.00244692  0.00234773  0.00223708  0.00211759  0.00199191  0.00186255  0.00173187  0.00160196  0.00147462  0.00135133  0.00123328  0.00112134  0.00101613 0.000918009 0.000827129 0.000743478 0.000666902 0.000597144 0.000533868 0.000476688 0.000425189 0.000378937 0.000337503 0.000300461 0.000267408 0.000237957 0.000211748 0.000188449 0.000167751 0.000149376 0.000133069 0.000118601 0.000105766 9.43797e-05 8.42768e-05 7.53106e-05 6.73506e-05
7.30342e-05 8.18827e-05 9.18843e-05 0.000103195  0.00011599  0.00013047 0.000146859  0.00016541 0.000186405 0.000210162 0.000237033 0.000267408 0.000301714  0.00034042 0.000384031  0.00043309 0.000488169 0.000549863 0.000618779 0.000695521 0.000780665 0.000874738 0.000978181  0.00109131  0.00121428  0.00134702  0.00148919  0.00164013   0.0017988  0.00196374  0.00213304  0.00230436   0.0024749  0.00264147  0.00280061  0.00294863  0.00308182  0.00319659  0.00328968  0.00335832  0.00340039  0.00341456  0.00340039  0.00335832  0.00328968  0.00319659  0.00308182  0.00294863  0.00280061  0.00264147   0.0024749  0.00230436  0.00213304  0.00196374   0.0017988  0.00164013  0.00148919  0.00134702  0.00121428  0.00109131 0.000978181 0.000874738 0.000780665 0.000695521 0.000618779 0.000549863 0.000488169  0.00043309 0.000384031  0.00034042 0.000301714 0.000267408 0.000237033 0.000210162 0.000186405  0.00016541 0.000146859  0.00013047  0.00011599 0.000103195 9.18843e-05 8.18827e-05 7.30342e-05
7.91237e-05 8.89483e-05 0.000100092 0.000112741 0.000127106 0.000143426 0.000161976 0.000183062 0.000207036 0.000234291 0.000265268 0.000300461  0.00034042 0.000385749 0.000437112 0.000495228  0.00056087 0.000634853 0.000718028 0.000811256 0.000915388  0.00103123  0.00115951  0.00130079  0.00145547  0.00162363  0.00180505  0.00199903  0.00220439  0.00241934  0.00264147  0.00286771   0.0030943  0.00331692  0.00353073  0.00373056  0.00391114  0.00406732  0.00419438  0.00428827  0.00434591  0.00436534  0.00434591  0.00428827  0.00419438  0.00406732  0.00391114  0.00373056  0.00353073  0.00331692   0.0030943  0.00286771  0.00264147  0.00241934  0.00220439  0.00199903  0.00180505  0.00162363  0.00145547  0.00130079  0.00115951  0.00103123 0.000915388 0.000811256 0.000718028 0.000634853  0.00056087 0.000495228 0.000437112 0.000385749  0.00034042 0.000300461 0.000265268 0.000234291 0.000207036 0.000183062 0.000161976 0.000143426 0.000127106 0.000112741 0.000100092 8.89483e-05 7.91237e-05
 8.5632e-05  9.6526e-05 0.000108927 0.000123056 0.000139163 0.000157538 0.000178511 0.000202458 0.000229809 0.000261054 0.000296743 0.000337503 0.000384031 0.000437112  0.00049761 0.000566479 0.000644756 0.000733554 0.000834054 0.000947481  0.00107507  0.00121805  0.00137755  0.00155455   0.0017498  0.00196374  0.00219631  0.00244692  0.00271425  0.00299619  0.00328968  0.00359072  0.00389426  0.00419438  0.00448432  0.00475675   0.0050041  0.00521891  0.00539423  0.00552412  0.00560399  0.00563094  0.00560399  0.00552412  0.00539423  0.00521891   0.0050041  0.00475675  0.00448432  0.00419438  0.00389426  0.00359072  0.00328968  0.00299619  0.00271425  0.00244692  0.00219631  0.00196374   0.0017498  0.00155455  0.00137755  0.00121805  0.00107507 0.000947481 0.000834054 0.000733554 0.000644756 0.000566479  0.00049761 0.000437112 0.000384031 0.000337503 0.000296743 0.000261054 0.000229809 0.000202458 0.000178511 0.000157538 0.000139163 0.000123056 0.000108927  9.6526e-05  8.5632e-05
9.25689e-05 0.000104631 0.000118412 0.000134171 0.000152208  0.00017287 0.000196554 0.000223719 0.000254892 0.000290677 0.000331763 0.000378937  0.00043309 0.000495228 0.000566479 0.000648101  0.00074148  0.00084813 0.000969683  0.00110787  0.00126447  0.00144131  0.00164013  0.00186255  0.00210992  0.00238319  0.00268275  0.00300823  0.00335832  0.00373056  0.00412116   0.0045249  0.00493504  0.00534338  0.00574043  0.00611573  0.00645826  0.00675706  0.00700184   0.0071837  0.00729574  0.00733358  0.00729574   0.0071837  0.00700184  0.00675706  0.00645826  0.00611573  0.00574043  0.00534338  0.00493504   0.0045249  0.00412116  0.00373056  0.00335832  0.00300823  0.00268275  0.00238319  0.00210992  0.00186255  0.00164013  0.00144131  0.00126447  0.00110787 0.000969683  0.00084813  0.00074148 0.000648101 0.000566479 0.000495228  0.00043309 0.000378937 0.000331763 0.000290677 0.000254892 0.000223719 0.000196554  0.00017287 0.000152208 0.000134171 0.000118412 0.000104631 9.25689e-05
9.99405e-05 0.000113275 0.000128564 0.000146115 0.000166283 0.000189481  0.00021619 0.000246964 0.000282449 0.000323388 0.000370638 0.000425189 0.000488169  0.00056087 0.000644756  0.00074148  0.00085289 0.000981035  0.00112816  0.00129669  0.00148919  0.00170833  0.00195677  0.00223708  0.00255155  0.00290203  0.00328968  0.00371468  0.00417592  0.00467071  0.00519446  0.00574043  0.00629959   0.0068606  0.00741003  0.00793278  0.00841267   0.0088334   0.0091795  0.00943744  0.00959669  0.00965054  0.00959669  0.00943744   0.0091795   0.0088334  0.00841267  0.00793278  0.00741003   0.0068606  0.00629959  0.00574043  0.00519446  0.00467071  0.00417592  0.00371468  0.00328968  0.00290203  0.00255155  0.00223708  0.00195677  0.00170833  0.00148919  0.00129669  0.00112816 0.000981035  0.00085289  0.00074148 0.000644756  0.00056087 0.000488169 0.000425189 0.000370638 0.000323388 0.000282449 0.000246964  0.00021619 0.000189481 0.000166283 0.000146115 0.000128564 0.000113275 9.99405e-05
0.000107749 0.000122463 0.000139396 0.000158908  0.00018142 0.000207424 0.000237495 0.000272305 0.000312638 0.000359408  0.00041368 0.000476688 0.000549863 0.000634853 0.000733554  0.00084813 0.000981035  0.00113503   0.0013132  0.00151891  0.00175583  0.00202785  0.00233897   0.0026932   0.0030943   0.0035456  0.00404958  0.00460749  0.00521891  0.00588117  0.00658892  0.00733358  0.00810311   0.0088818  0.00965054   0.0103873   0.0110681   0.0116683   0.0121643   0.0125353   0.0127649   0.0128426   0.0127649   0.0125353   0.0121643   0.0116683   0.0110681   0.0103873  0.00965054   0.0088818  0.00810311  0.00733358  0.00658892  0.00588117  0.00521891  0.00460749  0.00404958   0.0035456   0.0030943   0.0026932  0.00233897  0.00202785  0.00175583  0.00151891   0.0013132  0.00113503 0.000981035  0.00084813 0.000733554 0.000634853 0.000549863 0.000476688  0.00041368 0.000359408 0.000312638 0.000272305 0.000237495 0.000207424  0.00018142 0.000158908 0.000139396 0.000122463 0.000107749
 0.00011599 0.000132195 0.000150912 0.000172563 0.000197644 0.000226738 0.000260533 0.000299838 0.000345604 0.000398951 0.000461192 0.000533868 0.000618779 0.000718028 0.000834054 0.000969683  0.00112816   0.0013132  0.00152898  0.00178022   0.0020721  0.00241024  0.00280061  0.00324937  0.00376258  0.00434591   0.0050041  0.00574043  0.00655594  0.00744864  0.00841267  0.00943744    0.010507   0.0115996   0.0126878   0.0137393    0.014718   0.0155864   0.0163078   0.0168496   0.0171858   0.0172997   0.0171858   0.0168496   0.0163078   0.0155864    0.014718   0.0137393   0.0126878   0.0115996    0.010507  0.00943744  0.00841267  0.00744864  0.00655594  0.00574043   0.0050041  0.00434591  0.00376258  0.00324937  0.00280061  0.00241024   0.0020721  0.00178022  0.00152898   0.0013132  0.00112816 0.000969683 0.000834054 0.000718028 0.000618779 0.000533868 0.000461192 0.000398951 0.000345604 0.000299838 0.000260533 0.000226738 0.000197644 0.000172563 0.000150912 0.000132195  0.00011599
0.000124656 0.000142465  0.00016311 0.000187083 0.000214967  0.00024745 0.000285353 0.000329643 0.000381473 0.000442207 0.000513459 0.000597144 0.000695521 0.000811256 0.000947481  0.00110787  0.00129669  0.00151891  0.00178022  0.00208712  0.00244692  0.00286771  0.00335832  0.00392811  0.00458666  0.00534338  0.00620678   0.0071837  0.00827817  0.00949014   0.0108141   0.0122374   0.0137393   0.0152898   0.0168496   0.0183706   0.0197981   0.0210737   0.0221397   0.0229438   0.0234444   0.0236144   0.0234444   0.0229438   0.0221397   0.0210737   0.0197981   0.0183706   0.0168496   0.0152898   0.0137393   0.0122374   0.0108141  0.00949014  0.00827817   0.0071837  0.00620678  0.00534338  0.00458666  0.00392811  0.00335832  0.00286771  0.00244692  0.00208712  0.00178022  0.00151891  0.00129669  0.00110787 0.000947481 0.000811256 0.000695521 0.000597144 0.000513459 0.000442207 0.000381473 0.000329643 0.000285353  0.00024745 0.000214967 0.000187083  0.00016311 0.000142465 0.000124656
0.000133729 0.000153256 0.000175975 0.000202458 0.000233385  0.00026957 0.000311981 0.000361778 0.000420344 0.000489336 0.000570734 0.000666902 0.000780665 0.000915388  0.00107507  0.00126447  0.00148919  0.00175583   0.0020721  0.00244692  0.00289053  0.00341456  0.00403193  0.00475675  0.00560399  0.00658892  0.00772628  0.00902907    0.010507   0.0121643   0.0139977   0.0159935   0.0181254   0.0203524   0.0226177   0.0248497   0.0269641   0.0288689   0.0304714   0.0316867   0.0324458   0.0327041   0.0324458   0.0316867   0.0304714   0.0288689   0.0269641   0.0248497   0.0226177   0.0203524   0.0181254   0.0159935   0.0139977   0.0121643    0.010507  0.00902907  0.00772628  0.00658892  0.00560399  0.00475675  0.00403193  0.00341456  0.00289053  0.00244692   0.0020721  0.00175583  0.00148919  0.00126447  0.00107507 0.000915388 0.000780665 0.000666902 0.000570734 0.000489336 0.000420344 0.000361778 0.000311981  0.00026957 0.000233385 0.000202458 0.000175975 0.000153256 0.000133729
0.000143185 0.000164542 0.000189481 0.000218663  0.00025288 0.000293084  0.00034042 0.000396265 0.000462277 0.000540459 0.000633222 0.000743478 0.000874738  0.00103123  0.00121805  0.00144131  0.00170833  0.00202785  0.00241024  0.00286771  0.00341456  0.00406732  0.00484484  0.00576823   0.0068606  0.00814643  0.00965054   0.0113965   0.0134042   0.0156869   0.0182475   0.0210737   0.0241339   0.0273731   0.0307096   0.0340357     0.03722   0.0401154   0.0425702    0.044443   0.0456176    0.046018   0.0456176    0.044443   0.0425702   0.0401154     0.03722   0.0340357   0.0307096   0.0273731   0.0241339   0.0210737   0.0182475   0.0156869   0.0134042   0.0113965  0.00965054  0.00814643   0.0068606  0.00576823  0.00484484  0.00406732  0.00341456  0.00286771  0.00241024  0.00202785  0.00170833  0.00144131  0.00121805  0.00103123 0.000874738 0.000743478 0.000633222 0.000540459 0.000462277 0.000396265  0.00034042 0.000293084  0.00025288 0.000218663 0.000189481 0.000164542 0.000143185
0.000152993 0.000176289  0.00020359 0.000235657 0.000273408 0.000317954 0.000370638  0.00043309 0.000507288 0.000595636 0.000701062 0.000827129 0.000978181  0.00115951  0.00137755  0.00164013  0.00195677  0.00233897  0.00280061  0.00335832  0.00403193  0.00484484  0.00582435  0.00700184  0.00841267   0.0100956   0.0120918   0.0144424   0.0171858   0.0203524   0.0239591   0.0280016   0.0324458     0.03722   0.0422079   0.0472467   0.0521294   0.0566166    0.060455   0.0634036   0.0652618   0.0658967   0.0652618   0.0634036    0.060455   0.0566166   0.0521294   0.0472467   0.0422079     0.03722   0.0324458   0.0280016   0.0239591   0.0203524   0.0171858   0.0144424   0.0120918   0.0100956  0.00841267  0.00700184  0.00582435  0.00484484  0.00403193  0.00335832  0.00280061  0.00233897  0.00195677  0.00164013  0.00137755  0.00115951 0.000978181 0.000827129 0.000701062 0.000595636 0.000507288  0.00043309 0.000370638 0.000317954 0.000273408 0.000235657  0.00020359 0.000176289 0.000152993
 0.00016311 0.000188449 0.000218248 0.000253381 0.000294906 0.000344113 0.000402569 0.000472193 0.000555331 0.000654858 0.000774304 0.000918009  0.00109131  0.00130079  0.00155455  0.00186255  0.00223708   0.0026932  0.00324937  0.00392811  0.00475675  0.00576823  0.00700184   0.0085039   0.0103281   0.0125353   0.0151926   0.0183706   0.0221397   0.0265629   0.0316867   0.0375281   0.0440601   0.0511949   0.0587703   0.0665396   0.0741737   0.0812762   0.0874148   0.0921682   0.0951805   0.0962127   0.0951805   0.0921682   0.0874148   0.0812762   0.0741737   0.0665396   0.0587703   0.0511949   0.0440601   0.0375281   0.0316867   0.0265629   0.0221397   0.0183706   0.0151926   0.0125353   0.0103281   0.0085039  0.00700184  0.00576823  0.00475675  0.00392811  0.00324937   0.0026932  0.00223708  0.00186255  0.00155455  0.00130079  0.00109131 0.000918009 0.000774304 0.000654858 0.000555331 0.000472193 0.000402569 0.000344113 0.000294906 0.000253381 0.000218248 0.000188449  0.00016311
0.000173485 0.000200961 0.000233385 0.000271755 0.000317283 0.000371458 0.000436102 0.000513459 0.000606295 0.000718028  0.00085289  0.00101613  0.00121428  0.00145547   0.0017498  0.00210992  0.00255155   0.0030943  0.00376258  0.00458666  0.00560399   0.0068606  0.00841267   0.0103281   0.0126878   0.0155864   0.0191322   0.0234444   0.0286489   0.0348682   0.0422079   0.0507358    0.060455   0.0712734   0.0829719   0.0951805    0.107371    0.118875    0.128939    0.136806    0.141823    0.143549    0.141823    0.136806    0.128939    0.118875    0.107371   0.0951805   0.0829719   0.0712734    0.060455   0.0507358   0.0422079   0.0348682   0.0286489   0.0234444   0.0191322   0.0155864   0.0126878   0.0103281  0.00841267   0.0068606  0.00560399  0.00458666  0.00376258   0.0030943  0.00255155  0.00210992   0.0017498  0.00145547  0.00121428  0.00101613  0.00085289 0.000718028 0.000606295 0.000513459 0.000436102 0.000371458 0.000317283 0.000271755 0.000233385 0.000200961 0.000173485
0.000184057 0.000213752 0.000248916 0.000290677  0.00034042 0.000399852 0.000471078 0.000556709 0.000659985 0.000784943 0.000936625  0.00112134  0.00134702  0.00162363  0.00196374  0.00238319  0.00290203   0.0035456  0.00434591  0.00534338  0.00658892  0.00814643   0.0100956   0.0125353   0.0155864    0.019395   0.0241339   0.0300021     0.03722    0.046018   0.0566166   0.0691933   0.0838368    0.100488    0.118875    0.138453    0.158369    0.177481    0.194438    0.207843    0.216459    0.219433    0.216459    0.207843    0.194438    0.177481    0.158369    0.138453    0.118875    0.100488   0.0838368   0.0691933   0.0566166    0.046018     0.03722   0.0300021   0.0241339    0.019395   0.0155864   0.0125353   0.0100956  0.00814643  0.00658892  0.00534338  0.00434591   0.0035456  0.00290203  0.00238319  0.00196374  0.00162363  0.00134702  0.00112134 0.000936625 0.000784943 0.000659985 0.000556709 0.000471078 0.000399852  0.00034042 0.000290677 0.000248916 0.000213752 0.000184057
0.000194754 0.000226738 0.000264736 0.000310022 0.000364167 0.000429116 0.000507288 0.000601697 0.000716117 0.000855282  0.00102516  0.00123328  0.00148919  0.00180505  0.00219631  0.00268275  0.00328968  0.00404958   0.0050041  0.00620678  0.00772628  0.00965054   0.0120918   0.0151926   0.0191322   0.0241339   0.0304714   0.0384725   0.0485178   0.0610304   0.0764492   0.0951805    0.117521    0.143549    0.172988    0.205069    0.238426    0.271071     0.30053     0.32413    0.339441    0.344751    0.339441     0.32413     0.30053    0.271071    0.238426    0.205069    0.172988    0.143549    0.117521   0.0951805   0.0764492   0.0610304   0.0485178   0.0384725   0.0304714   0.0241339   0.0191322   0.0151926   0.0120918  0.00965054  0.00772628  0.00620678   0.0050041  0.00404958  0.00328968  0.00268275  0.00219631  0.00180505  0.00148919  0.00123328  0.00102516 0.000855282 0.000716117 0.000601697 0.000507288 0.000429116 0.000364167 0.000310022 0.000264736 0.000226738 0.000194754
0.000205495 0.000239818 0.000280725 0.000329643 0.000388344 0.000459032 0.000544464 0.000648101 0.000774304 0.000928588  0.00111795  0.00135133  0.00164013  0.00199903  0.00244692  0.00300823  0.00371468  0.00460749  0.00574043   0.0071837  0.00902907   0.0113965   0.0144424   0.0183706   0.0234444   0.0300021   0.0384725   0.0493897   0.0634036   0.0812762    0.103856    0.132014    0.166518    0.207843    0.255895    0.309696    0.367089     0.42459    0.477537    0.520644    0.548927    0.558792    0.548927    0.520644    0.477537     0.42459    0.367089    0.309696    0.255895    0.207843    0.166518    0.132014    0.103856   0.0812762   0.0634036   0.0493897   0.0384725   0.0300021   0.0234444   0.0183706   0.0144424   0.0113965  0.00902907   0.0071837  0.00574043  0.00460749  0.00371468  0.00300823  0.00244692  0.00199903  0.00164013  0.00135133  0.00111795 0.000928588 0.000774304 0.000648101 0.000544464 0.000459032 0.000388344 0.000329643 0.000280725 0.000239818 0.000205495
 0.00021619  0.00025288 0.000296743 0.000349369 0.000412739 0.000489336 0.000582282 0.000695521 0.000834054  0.00100426  0.00121428  0.00147462   0.0017988  0.00220439  0.00271425  0.00335832  0.00417592  0.00521891  0.00655594  0.00827817    0.010507   0.0134042   0.0171858   0.0221397   0.0286489     0.03722   0.0485178   0.0634036   0.0829719    0.108576    0.141823    0.184505    0.238426    0.305069    0.385077    0.477537    0.579216    0.683984    0.782848    0.864941    0.919553    0.938738    0.919553    0.864941    0.782848    0.683984    0.579216    0.477537    0.385077    0.305069    0.238426    0.184505    0.141823    0.108576   0.0829719   0.0634036   0.0485178     0.03722   0.0286489   0.0221397   0.0171858   0.0134042    0.010507  0.00827817  0.00655594  0.00521891  0.00417592  0.00335832  0.00271425  0.00220439   0.0017988  0.00147462  0.00121428  0.00100426 0.000834054 0.000695521 0.000582282 0.000489336 0.000412739 0.000349369 0.000296743  0.00025288  0.00021619
0.000226738 0.000265801 0.000312638 0.000369007 0.000437112 0.000519727 0.000620363 0.000743478 0.000894766  0.00108153   0.0013132  0.00160196  0.00196374  0.00241934  0.00299619  0.00373056  0.00467071  0.00588117  0.00744864  0.00949014   0.0121643   0.0156869   0.0203524   0.0265629   0.0348682    0.046018   0.0610304   0.0812762    0.108576    0.145301    0.194438    0.259585    0.344751    0.453862    0.589788    0.752824    0.938738     1.13692     1.32962     1.49359     1.60458     1.64392     1.60458     1.49359     1.32962     1.13692    0.938738    0.752824    0.589788    0.453862    0.344751    0.259585    0.194438    0.145301    0.108576   0.0812762   0.0610304    0.046018   0.0348682   0.0265629   0.0203524   0.0156869   0.0121643  0.00949014  0.00744864  0.00588117  0.00467071  0.00373056  0.00299619  0.00241934  0.00196374  0.00160196   0.0013132  0.00108153 0.000894766 0.000743478 0.000620363 0.000519727 0.000437112 0.000369007 0.000312638 0.000265801 0.000226738
0.000237033 0.000278447  0.00032824 0.000388344 0.000461192 0.000549863 0.000658271 0.000791417 0.000955729  0.00115951  0.00141353  0.00173187  0.00213304  0.00264147  0.00328968  0.00412116  0.00519446  0.00658892  0.00841267   0.0108141   0.0139977   0.0182475   0.0239591   0.0316867   0.0422079   0.0566166   0.0764492    0.103856    0.141823    0.194438    0.267171    0.367089    0.502824    0.683984    0.919553     1.21479     1.56644     1.95716     2.35151     2.69751      2.9369     3.02273      2.9369     2.69751     2.35151     1.95716     1.56644     1.21479    0.919553    0.683984    0.502824    0.367089    0.267171    0.194438    0.141823    0.103856   0.0764492   0.0566166   0.0422079   0.0316867   0.0239591   0.0182475   0.0139977   0.0108141  0.00841267  0.00658892  0.00519446  0.00412116  0.00328968  0.00264147  0.00213304  0.00173187  0.00141353  0.00115951 0.000955729 0.000791417 0.000658271 0.000549863 0.000461192 0.000388344  0.00032824 0.000278447 0.000237033
0.000246964 0.000290677  0.00034337 0.000407152 0.000484688 0.000579367 0.000695521 0.000838713  0.00101613  0.00123712   0.0015139  0.00186255  0.00230436  0.00286771  0.00359072   0.0045249  0.00574043  0.00733358  0.00943744   0.0122374   0.0159935   0.0210737   0.0280016   0.0375281   0.0507358   0.0691933   0.0951805    0.132014    0.184505    0.259585    0.367089    0.520644    0.738367     1.04279      1.4588     2.00799     2.69751      3.5039     4.35736     5.13736     5.69165     6.19217     5.69165     5.13736     4.35736      3.5039     2.69751     2.00799      1.4588     1.04279    0.738367    0.520644    0.367089    0.259585    0.184505    0.132014   0.0951805   0.0691933   0.0507358   0.0375281   0.0280016   0.0210737   0.0159935   0.0122374  0.00943744  0.00733358  0.00574043   0.0045249  0.00359072  0.00286771  0.00230436  0.00186255   0.0015139  0.00123712  0.00101613 0.000838713 0.000695521 0.000579367 0.000484688 0.000407152  0.00034337 0.000290677 0.000246964
0.000256415 0.000302343  0.00035784 0.000425189 0.000507288 0.000607838  0.00073159 0.000884679  0.00107507   0.0013132  0.00161275  0.00199191   0.0024749   0.0030943  0.00389426  0.00493504  0.00629959  0.00810311    0.010507   0.0137393   0.0181254   0.0241339   0.0324458   0.0440601    0.060455   0.0838368    0.117521    0.166518    0.238426    0.344751    0.502824    0.738367     1.08854     1.60458     2.35151     3.40018     4.80562     4.29904     3.46759     3.15315     3.00917     2.96631     3.00917     3.15315     3.46759     4.29904     4.80562     3.40018     2.35151     1.60458     1.08854    0.738367    0.502824    0.344751    0.238426    0.166518    0.117521   0.0838368    0.060455   0.0440601   0.0324458   0.0241339   0.0181254   0.0137393    0.010507  0.00810311  0.00629959  0.00493504  0.00389426   0.0030943   0.0024749  0.00199191  0.00161275   0.0013132  0.00107507 0.000884679  0.00073159 0.000607838 0.000507288 0.000425189  0.00035784 0.000302343 0.000256415
0.000265268 0.000313296 0.000371458 0.000442207 0.000528669 0.000634853 0.000765926 0.000928588  0.00113159  0.00138643  0.00170833  0.00211759  0.00264147  0.00331692  0.00419438  0.00534338   0.0068606   0.0088818   0.0115996   0.0152898   0.0203524   0.0273731     0.03722   0.0511949   0.0712734    0.100488    0.143549    0.207843    0.305069    0.453862    0.683984     1.04279     1.60458     2.48264     3.84053     4.87632     3.39463      2.9256      2.6874     2.55334     2.48313     2.46115     2.48313     2.55334      2.6874      2.9256     3.39463     4.87632     3.84053     2.48264     1.60458     1.04279    0.683984    0.453862    0.305069    0.207843    0.143549    0.100488   0.0712734   0.0511949     0.03722   0.0273731   0.0203524   0.0152898   0.0115996   0.0088818   0.0068606  0.00534338  0.00419438  0.00331692  0.00264147  0.00211759  0.00170833  0.00138643  0.00113159 0.000928588 0.000765926 0.000634853 0.000528669 0.000442207 0.000371458 0.000313296 0.000265268
0.000273408 0.000323388 0.000384031 0.000457956 0.000548507 0.000659985  0.00079796 0.000969683  0.00118466  0.00145547   0.0017988  0.00223708  0.00280061  0.00353073  0.00448432  0.00574043  0.00741003  0.00965054   0.0126878   0.0168496   0.0226177   0.0307096   0.0422079   0.0587703   0.0829719    0.118875    0.172988    0.255895    0.385077    0.589788    0.919553      1.4588     2.35151     3.84053      4.5172     3.15315     2.71729     2.48313     2.34175     2.25576     2.20893     2.19401     2.20893     2.25576     2.34175     2.48313     2.71729     3.15315      4.5172     3.84053     2.35151      1.4588    0.919553    0.589788    0.385077    0.255895    0.172988    0.118875   0.0829719   0.0587703   0.0422079   0.0307096   0.0226177   0.0168496   0.0126878  0.00965054  0.00741003  0.00574043  0.00448432  0.00353073  0.00280061  0.00223708   0.0017988  0.00145547  0.00118466 0.000969683  0.00079796 0.000659985 0.000548507 0.000457956 0.000384031 0.000323388 0.000273408
0.000280725 0.000332474 0.000395374 0.000472193 0.000566479  0.00068281 0.000827129  0.00100721  0.00123328  0.00151891  0.00188224  0.00234773  0.00294863  0.00373056  0.00475675  0.00611573  0.00793278   0.0103873   0.0137393   0.0183706   0.0248497   0.0340357   0.0472467   0.0665396   0.0951805    0.138453    0.205069    0.309696    0.477537    0.752824     1.21479     2.00799     3.40018     4.87632     3.15315     2.65862     2.39895     2.23979     2.13751     2.07313     2.03741     2.02593     2.03741     2.07313     2.13751     2.23979     2.39895     2.65862     3.15315     4.87632     3.40018     2.00799     1.21479    0.752824    0.477537    0.309696    0.205069    0.138453   0.0951805   0.0665396   0.0472467   0.0340357   0.0248497   0.0183706   0.0137393   0.0103873  0.00793278  0.00611573  0.00475675  0.00373056  0.00294863  0.00234773  0.00188224  0.00151891  0.00123328  0.00100721 0.000827129  0.00068281 0.000566479 0.000472193 0.000395374 0.000332474 0.000280725
0.000287113  0.00034042 0.000405311 0.000484688 0.000582282 0.000702921  0.00085289  0.00104043  0.00127643  0.00157539  0.00195677  0.00244692  0.00308182  0.00391114   0.0050041  0.00645826  0.00841267   0.0110681    0.014718   0.0197981   0.0269641     0.03722   0.0521294   0.0741737    0.107371    0.158369    0.238426    0.367089    0.579216    0.938738     1.56644     2.69751     4.80562     3.39463     2.71729     2.39895     2.20893      2.0855      2.0036     1.95107     1.92161      1.9121     1.92161     1.95107      2.0036      2.0855     2.20893     2.39895     2.71729     3.39463     4.80562     2.69751     1.56644    0.938738    0.579216    0.367089    0.238426    0.158369    0.107371   0.0741737   0.0521294     0.03722   0.0269641   0.0197981    0.014718   0.0110681  0.00841267  0.00645826   0.0050041  0.00391114  0.00308182  0.00244692  0.00195677  0.00157539  0.00127643  0.00104043  0.00085289 0.000702921 0.000582282 0.000484688 0.000405311  0.00034042 0.000287113
 0.00029248 0.000347104  0.00041368 0.000495228 0.000595636 0.000719945 0.000874738  0.00106867   0.0013132  0.00162363   0.0020206   0.0025321  0.00319659  0.00406732  0.00521891  0.00675706   0.0088334   0.0116683   0.0155864   0.0210737   0.0288689   0.0401154   0.0566166   0.0812762    0.118875    0.177481    0.271071     0.42459    0.683984     1.13692     1.95716      3.5039     4.29904      2.9256     2.48313     2.23979      2.0855     1.98205      1.9121     1.86671     1.84107     1.83277     1.84107     1.86671      1.9121     1.98205      2.0855     2.23979     2.48313      2.9256     4.29904      3.5039     1.95716     1.13692    0.683984     0.42459    0.271071    0.177481    0.118875   0.0812762   0.0566166   0.0401154   0.0288689   0.0210737   0.0155864   0.0116683   0.0088334  0.00675706  0.00521891  0.00406732  0.00319659   0.0025321   0.0020206  0.00162363   0.0013132  0.00106867 0.000874738 0.000719945 0.000595636 0.000495228  0.00041368 0.000347104  0.00029248
0.000296743 0.000352419 0.000420344  0.00050363 0.000606295 0.000733554 0.000892231  0.00109131  0.00134273  0.00166247   0.0020721  0.00260101  0.00328968  0.00419438  0.00539423  0.00700184   0.0091795   0.0121643   0.0163078   0.0221397   0.0304714   0.0425702    0.060455   0.0874148    0.128939    0.194438     0.30053    0.477537    0.782848     1.32962     2.35151     4.35736     3.46759      2.6874     2.34175     2.13751      2.0036      1.9121     1.84949     1.80857     1.78536     1.77782     1.78536     1.80857     1.84949      1.9121      2.0036     2.13751     2.34175      2.6874     3.46759     4.35736     2.35151     1.32962    0.782848    0.477537     0.30053    0.194438    0.128939   0.0874148    0.060455   0.0425702   0.0304714   0.0221397   0.0163078   0.0121643   0.0091795  0.00700184  0.00539423  0.00419438  0.00328968  0.00260101   0.0020721  0.00166247  0.00134273  0.00109131 0.000892231 0.000733554 0.000606295  0.00050363 0.000420344 0.000352419 0.000296743
0.000299838  0.00035628 0.000425189 0.000509745 0.000614059 0.000743478 0.000905002  0.00110787  0.00136436  0.00169095  0.00210992  0.00265172  0.00335832  0.00428827  0.00552412   0.0071837  0.00943744   0.0125353   0.0168496   0.0229438   0.0316867    0.044443   0.0634036   0.0921682    0.136806    0.207843     0.32413    0.520644    0.864941     1.49359     2.69751     5.13736     3.15315     2.55334     2.25576     2.07313     1.95107     1.86671     1.80857     1.77039     1.74868     1.74163     1.74868     1.77039     1.80857     1.86671     1.95107     2.07313     2.25576     2.55334     3.15315     5.13736     2.69751     1.49359    0.864941    0.520644     0.32413    0.207843    0.136806   0.0921682   0.0634036    0.044443   0.0316867   0.0229438   0.0168496   0.0125353  0.00943744   0.0071837  0.00552412  0.00428827  0.00335832  0.00265172  0.00210992  0.00169095  0.00136436  0.00110787 0.000905002 0.000743478 0.000614059 0.000509745 0.000425189  0.00035628 0.000299838
